172	84	5
-0.6071312427520752	1.0	0.6071312427520752	0.35352399945259094	0.5632531046867371	0.5394783089602936	4	0.4605216910397064	0	0.0	0	-1.0	0.0	0.0	0.0	0.8859002590179443	-0.4638756215572357	0.0	-0.4638756215572357	-0.8859002590179443
-0.6071312427520752	1.2673969268798828	-0.6071312427520752	0.586096465587616	0.7327860593795776	0.95976141005749	3	0.04023858994250997	0	0.0	0	-1.0	0.0	0.0	0.0	0.761715292930603	-0.647911787033081	0.0	-0.647911787033081	-0.761715292930603
-0.6071312427520752	1.0	-0.6071312427520752	0.5426692962646484	0.7761756181716919	0.9738315890061872	0	0.026168410993812848	3	0.0	0	-1.0	0.0	0.0	0.0	0.7339606285095215	-0.679192066192627	0.0	-0.679192066192627	-0.7339606285095215
1.0	1.0	1.0	0.25317636132240295	0.39915797114372253	1.0	1	0.0	0	0.0	0	0.0	-0.731509268283844	0.6818315386772156	-0.3114372789859772	0.6479217410087585	0.6951289176940918	-0.9502667188644409	-0.21234776079654694	-0.22781924903392792
-0.4063824415206909	0.44669580459594727	0.4063824415206909	9.706875425763428e-05	0.6573198437690735	0.6956044777747693	0	0.1801386778049123	4	0.12425684442031834	3	0.0	-0.731509268283844	0.6818315386772156	-0.6568135023117065	0.5141371488571167	0.5515967607498169	-0.754052996635437	-0.44783613085746765	-0.4804651439189911
0.4063824415206909	0.44669580459594727	0.4063824415206909	0.047353606671094894	0.3937828540802002	0.7648244209584868	0	0.20103660381749136	1	0.03413897522402188	3	0.0	-0.731509268283844	0.6818315386772156	0.6009904146194458	0.5449580550193787	0.5846633315086365	-0.7992562055587769	0.40977421402931213	0.43963003158569336
-1.0	1.0	1.0	0.27798667550086975	0.5871310830116272	1.0	4	0.0	0	0.0	0	-0.6818315386772156	-0.731509268283844	0.0	-0.6473278999328613	0.6033670902252197	0.4657411277294159	-0.34069395065307617	0.3175569772720337	-0.8849210739135742
-0.4063824415206909	0.44669580459594727	-0.4063824415206909	0.020444005727767944	0.9999029040336609	0.7594346439502127	3	0.23172532321228503	0	0.008840032837502362	4	-0.6818315386772156	-0.731509268283844	0.0	-0.6473278999328613	0.603367030620575	0.4657410979270935	-0.3406939208507538	0.3175569772720337	-0.8849210739135742
-0.4063824415206909	0.44669580459594727	0.4063824415206909	9.706875425763428e-05	0.6573198437690735	0.6956044777747693	0	0.1801386778049123	4	0.12425684442031834	3	-0.6818315386772156	-0.731509268283844	0.0	-0.6473279595375061	0.6033670902252197	0.4657411277294159	-0.3406939208507538	0.3175569474697113	-0.8849210739135742
0.4063824415206909	0.44669580459594727	-0.4063824415206909	0.6062568426132202	0.1720416247844696	0.6952672743111276	0	0.17947159625759482	2	0.12526112943127768	3	0.0	-1.0	0.0	-1.0	0.0	5.331346031312023e-08	-5.331346031312023e-08	0.0	-1.0
-0.4063824415206909	0.44669580459594727	0.4063824415206909	0.7782014012336731	9.712431346997619e-05	0.6956044777747693	0	0.1801386778049123	4	0.12425684442031834	3	0.0	-1.0	0.0	-1.0	0.0	5.331346031312023e-08	-5.331346031312023e-08	0.0	-1.0
-0.4063824415206909	0.44669580459594727	-0.4063824415206909	0.7782014012336731	0.1720416247844696	0.7594346439502127	3	0.23172532321228503	0	0.008840032837502362	4	0.0	-1.0	0.0	-1.0	0.0	0.0	0.0	0.0	-1.0
1.0	1.0	-1.0	0.29219570755958557	0.23719468712806702	0.993162380937393	2	0.006837619062607048	0	0.0	0	0.6818315386772156	-0.731509268283844	0.0	0.5435833930969238	0.506667971611023	-0.6691821813583374	0.48951297998428345	0.4562695324420929	0.7430984377861023
0.4063824415206909	0.44669580459594727	0.4063824415206909	0.047353606671094894	0.3937828540802002	0.7648244209584868	0	0.20103660381749136	1	0.03413897522402188	3	0.6818315386772156	-0.731509268283844	0.0	0.543583333492279	0.5066679120063782	-0.6691821813583374	0.48951297998428345	0.4562695026397705	0.7430983781814575
0.4063824415206909	0.44669580459594727	-0.4063824415206909	0.14628009498119354	0.20540457963943481	0.6952672743111276	0	0.17947159625759482	2	0.12526112943127768	3	0.6818315386772156	-0.731509268283844	0.0	0.543583333492279	0.506667971611023	-0.6691821813583374	0.48951297998428345	0.4562695026397705	0.7430984377861023
-1.0	1.0	-1.0	0.43737947940826416	9.709956066217273e-05	0.9986770349654386	3	0.001322965034561378	0	0.0	0	0.0	-0.731509268283844	-0.6818315386772156	0.023443398997187614	0.6816441416740417	-0.7313082218170166	0.9997252225875854	-0.01598444953560829	0.0171490628272295
0.4063824415206909	0.44669580459594727	-0.4063824415206909	0.14628009498119354	0.20540457963943481	0.6952672743111276	0	0.17947159625759482	2	0.12526112943127768	3	0.0	-0.731509268283844	-0.6818315386772156	0.19547955691814423	0.6686775088310242	-0.7173967957496643	0.9807077646255493	-0.13328410685062408	0.14299508929252625
-0.4063824415206909	0.44669580459594727	-0.4063824415206909	0.22112791240215302	0.04356700927019119	0.7594346439502127	3	0.23172532321228503	0	0.008840032837502362	4	0.0	-0.731509268283844	-0.6818315386772156	-0.41976821422576904	0.6188516616821289	-0.6639407873153687	0.9076313376426697	0.28621116280555725	-0.3070642948150635
1.0	1.0	1.0	0.2534717917442322	0.39916524291038513	0.6799122038890174	1	0.3200877961109826	0	0.0	0	0.0	1.0	0.0	-0.6455572843551636	0.0	-0.7637119293212891	-0.7637119293212891	0.0	0.6455572843551636
-1.0	1.0	1.0	0.27798667550086975	0.5871310830116272	1.0	4	0.0	0	0.0	0	0.0	1.0	0.0	1.0	0.0	0.0	0.0	0.0	-1.0
1.0	1.0	1.0	0.25317636132240295	0.39915797114372253	1.0	1	0.0	0	0.0	0	0.0	1.0	0.0	1.0	0.0	0.0	0.0	0.0	-1.0
1.0	1.0	-1.0	0.29246094822883606	0.23730389773845673	0.8993312843281134	2	0.10066871567188665	0	0.0	0	0.0	1.0	0.0	-0.8492769002914429	0.0	0.5279476642608643	0.5279476642608643	0.0	0.8492769002914429
1.0	1.0	-1.0	0.29219570755958557	0.23719468712806702	0.993162380937393	2	0.006837619062607048	0	0.0	0	0.0	1.0	0.0	1.0	0.0	0.0	0.0	0.0	-1.0
-1.0	1.0	1.0	0.2782985270023346	0.5870252847671509	0.8006991279067596	4	0.19930087209324046	0	0.0	0	0.0	1.0	0.0	0.41336268186569214	0.0	-0.9105664491653442	-0.9105664491653442	0.0	-0.41336268186569214
-1.0	1.0	-1.0	0.49307015538215637	0.9999028444290161	0.9986770349654386	3	0.001322965034561378	0	0.0	0	0.0	1.0	0.0	1.0	0.0	0.0	0.0	0.0	-1.0
-1.0	1.0	-1.0	0.43778613209724426	0.0003460035368334502	0.7982360724056643	3	0.20176392759433573	0	0.0	0	0.0	1.0	0.0	-0.6436780095100403	0.0	0.7652963995933533	0.7652963995933533	0.0	0.6436780095100403
-1.0	1.0	-1.0	0.43737947940826416	9.709956066217273e-05	0.9986770349654386	3	0.001322965034561378	0	0.0	0	0.0	1.0	0.0	1.0	0.0	0.0	0.0	0.0	-1.0
0.6071312427520752	1.0	0.6071312427520752	0.307373583316803	0.40487441420555115	0.5223792505903114	1	0.4776207494096885	0	0.0	0	0.0	1.0	0.0	-0.5654693841934204	0.0	-0.8247693777084351	-0.8247693777084351	0.0	0.5654693841934204
0.6071312427520752	1.0	-0.6071312427520752	0.3294791877269745	0.2556368410587311	0.6022137015129797	2	0.39778629848702035	0	0.0	0	0.0	1.0	0.0	-0.8636118769645691	0.0	0.5041573643684387	0.5041573643684387	0.0	0.8636118769645691
1.0	1.0	1.0	0.2534717917442322	0.39916524291038513	0.6799122038890174	1	0.3200877961109826	0	0.0	0	0.0	1.0	0.0	-0.920859158039093	0.0	0.38989555835723877	0.38989555835723877	0.0	0.920859158039093
-0.6071312427520752	1.0	0.6071312427520752	0.35352399945259094	0.5632531046867371	0.5394783089602936	4	0.4605216910397064	0	0.0	0	0.0	1.0	0.0	0.5402011871337891	0.0	-0.8415359258651733	-0.8415359258651733	0.0	-0.5402011871337891
-1.0	1.0	-1.0	0.49372297525405884	0.9995617866516113	0.7982360724056643	3	0.20176392759433573	0	0.0	0	0.0	1.0	0.0	0.6116740107536316	0.0	-0.7911099195480347	-0.7911099195480347	0.0	-0.6116740107536316
-0.6071312427520752	1.0	-0.6071312427520752	0.4523264169692993	0.08604231476783752	0.9738315890061872	0	0.026168410993812848	3	0.0	0	0.0	1.0	0.0	-0.6611679792404175	0.0	0.7502378821372986	0.7502378821372986	0.0	0.6611679792404175
0.6071312427520752	1.0	-0.6071312427520752	0.3294791877269745	0.2556368410587311	0.6022137015129797	2	0.39778629848702035	0	0.0	0	1.0	0.0	0.0	0.0	0.9171145558357239	-0.3986237645149231	0.0	0.3986237645149231	0.9171145558357239
0.6071312427520752	1.2673969268798828	0.6071312427520752	0.33598417043685913	0.4034919738769531	1.0	1	0.0	0	0.0	0	1.0	0.0	0.0	0.0	0.9996100664138794	-0.027924278751015663	0.0	0.027924278751015663	0.9996100664138794
0.6071312427520752	1.0	0.6071312427520752	0.307373583316803	0.40487441420555115	0.5223792505903114	1	0.4776207494096885	0	0.0	0	1.0	0.0	0.0	0.0	0.9991164803504944	0.04202817752957344	0.0	-0.04202817752957344	0.9991164803504944
-0.6071312427520752	1.0	-0.6071312427520752	0.4523264169692993	0.08604231476783752	0.9738315890061872	0	0.026168410993812848	3	0.0	0	0.0	0.0	-1.0	-0.6391257047653198	0.7691022753715515	0.0	0.7691022753715515	0.6391257047653198	0.0
0.6071312427520752	1.2673969268798828	-0.6071312427520752	0.36273130774497986	0.2708437740802765	1.0	2	0.0	0	0.0	0	0.0	0.0	-1.0	-0.42142561078071594	0.9068629145622253	0.0	0.9068629145622253	0.42142561078071594	0.0
0.6071312427520752	1.0	-0.6071312427520752	0.3294791877269745	0.2556368410587311	0.6022137015129797	2	0.39778629848702035	0	0.0	0	0.0	0.0	-1.0	-0.3771158754825592	0.9261661171913147	0.0	0.9261661171913147	0.3771158754825592	0.0
-0.2039082944393158	1.500880241394043	0.2039082944393158	0.4699418246746063	0.4690980017185211	0.895490265011935	4	0.06416801301613516	1	0.04034172197192987	3	-0.45971909165382385	0.8880645036697388	0.0	0.15273168683052063	0.07906371355056763	-0.9851000308990479	-0.874832272529602	-0.4528692364692688	-0.17198266088962555
-0.04931004345417023	1.5809102058410645	-0.04931004345417023	0.5484373569488525	0.4118809700012207	0.33896821206989475	2	0.3362832427406989	4	0.3247485451894064	3	-0.45971909165382385	0.8880645036697388	0.0	0.15273167192935944	0.07906370609998703	-0.9850999712944031	-0.8748322129249573	-0.4528692066669464	-0.17198264598846436
-0.2039082944393158	1.500880241394043	-0.2039082944393158	0.591570258140564	0.5004643201828003	0.8624363891703241	3	0.06880170183671437	4	0.06876190899296157	2	-0.45971909165382385	0.8880645036697388	0.0	0.15273167192935944	0.07906370609998703	-0.9851000308990479	-0.874832272529602	-0.4528692364692688	-0.17198264598846436
-0.37364792823791504	1.5008792877197266	0.37364792823791504	0.4358227849006653	0.5054102540016174	0	0	0	0	0	0	0.0	0.7071067690849304	0.7071067690849304	-0.5874513983726501	0.5722328424453735	-0.5722328424453735	-0.8092595338821411	-0.41539090871810913	0.41539090871810913
0.6071312427520752	1.2673959732055664	0.6071312427520752	0.33614689111709595	0.4034717082977295	1.0	1	0.0	0	0.0	0	0.0	0.7071067690849304	0.7071067690849304	-0.5874514579772949	0.5722328424453735	-0.5722329020500183	-0.8092595338821411	-0.41539090871810913	0.41539090871810913
0.37364792823791504	1.5008792877197266	0.37364792823791504	0.3826911151409149	0.40261757373809814	0	0	0	0	0	0	0.0	0.7071067690849304	0.7071067690849304	-0.5874513983726501	0.5722328424453735	-0.5722328424453735	-0.8092595338821411	-0.41539090871810913	0.41539090871810913
0.37364792823791504	1.500880241394043	0.37364792823791504	0.3828088343143463	0.40259015560150146	0	0	0	0	0	0	1.0	0.0	0.0	0.0	0.004976356867700815	0.9999876022338867	0.0	-0.9999876022338867	0.004976356867700815
0.37364792823791504	1.5008792877197266	-0.37364792823791504	0.402133584022522	0.29570043087005615	0	0	0	0	0	0	1.0	0.0	0.0	0.0	0.0019003027118742466	-0.999998152256012	0.0	0.999998152256012	0.0019003027118742466
0.37364792823791504	1.500880241394043	-0.37364792823791504	0.4022594392299652	0.29577216506004333	0	0	0	0	0	0	1.0	0.0	0.0	0.0	0.0019003029447048903	-0.9999982714653015	0.0	0.9999982714653015	0.0019003029447048903
-0.37364792823791504	1.500880241394043	-0.37364792823791504	0.6059481501579285	0.6006870269775391	0	0	0	0	0	0	-1.0	0.0	0.0	0.0	0.0008555163512937725	-0.9999997019767761	0.0	-0.9999997019767761	-0.0008555163512937725
-0.37364792823791504	1.5008792877197266	0.37364792823791504	0.4358227849006653	0.5054102540016174	0	0	0	0	0	0	-1.0	0.0	0.0	0.0	0.00123613013420254	-0.9999992251396179	0.0	-0.9999992251396179	-0.00123613013420254
-0.37364792823791504	1.500880241394043	0.37364792823791504	0.4359087347984314	0.5053117871284485	0	0	0	0	0	0	-1.0	0.0	0.0	0.0	0.00123613013420254	-0.9999992251396179	0.0	-0.9999992251396179	-0.00123613013420254
-0.6071312427520752	1.2673969268798828	0.6071312427520752	0.38404330611228943	0.5436134934425354	1.0	4	0.0	0	0.0	0	1.0	0.0	0.0	0.0	-0.001335909590125084	-0.9999991059303284	0.0	0.9999991059303284	-0.001335909590125084
-0.6071312427520752	1.2673959732055664	-0.6071312427520752	0.5862855911254883	0.73258376121521	0.9597626570478034	3	0.04023734295219659	0	0.0	0	1.0	0.0	0.0	0.0	-0.0007344276527874172	-0.9999997019767761	0.0	0.9999997019767761	-0.0007344276527874172
-0.6071312427520752	1.2673969268798828	-0.6071312427520752	0.586096465587616	0.7327860593795776	0.95976141005749	3	0.04023858994250997	0	0.0	0	1.0	0.0	0.0	0.0	-0.0007344278274103999	-0.9999997615814209	0.0	0.9999997615814209	-0.0007344278274103999
-0.6071312427520752	1.2673969268798828	-0.6071312427520752	0.49409106373786926	0.11706824600696564	0.95976141005749	3	0.04023858994250997	0	0.0	0	0.0	0.0	1.0	-0.9999997019767761	-0.0007391380495391786	0.0	0.0007391380495391786	-0.9999997019767761	0.0
0.6071312427520752	1.2673959732055664	-0.6071312427520752	0.3628954291343689	0.2709297835826874	1.0	2	0.0	0	0.0	0	0.0	0.0	1.0	-0.9999989867210388	-0.0014041410759091377	0.0	0.0014041410759091377	-0.9999989867210388	0.0
0.6071312427520752	1.2673969268798828	-0.6071312427520752	0.36273130774497986	0.2708437740802765	1.0	2	0.0	0	0.0	0	0.0	0.0	1.0	-0.9999989867210388	-0.0014041411923244596	0.0	0.0014041411923244596	-0.9999989867210388	0.0
0.6071312427520752	1.0	0.6071312427520752	0.307373583316803	0.40487441420555115	0.5223792505903114	1	0.4776207494096885	0	0.0	0	0.0	0.0	1.0	-0.10766356438398361	0.9941874146461487	0.0	-0.9941874146461487	-0.10766356438398361	0.0
-0.6071312427520752	1.2673969268798828	0.6071312427520752	0.38404330611228943	0.5436134934425354	1.0	4	0.0	0	0.0	0	0.0	0.0	1.0	-0.4347414970397949	0.9005553126335144	0.0	-0.9005553126335144	-0.4347414970397949	0.0
-0.6071312427520752	1.0	0.6071312427520752	0.35352399945259094	0.5632531046867371	0.5394783089602936	4	0.4605216910397064	0	0.0	0	0.0	0.0	1.0	-0.49066412448883057	0.8713488578796387	0.0	-0.8713488578796387	-0.49066412448883057	0.0
0.37364792823791504	1.5008792877197266	0.37364792823791504	0.3826911151409149	0.40261757373809814	0	0	0	0	0	0	0.7071067690849304	0.7071067690849304	0.0	-0.6955844759941101	0.6955844759941101	0.17979007959365845	0.12713077664375305	-0.12713077664375305	0.9837049841880798
0.6071312427520752	1.2673959732055664	-0.6071312427520752	0.3628954291343689	0.2709297835826874	1.0	2	0.0	0	0.0	0	0.7071067690849304	0.7071067690849304	0.0	-0.6955844759941101	0.6955844759941101	0.17979007959365845	0.12713077664375305	-0.12713077664375305	0.9837049841880798
0.37364792823791504	1.5008792877197266	-0.37364792823791504	0.402133584022522	0.29570043087005615	0	0	0	0	0	0	0.7071067690849304	0.7071067690849304	0.0	-0.6955844759941101	0.6955844759941101	0.17979009449481964	0.12713080644607544	-0.12713080644607544	0.9837050437927246
-0.37364792823791504	1.5008792877197266	-0.37364792823791504	0.6058683395385742	0.6008293628692627	0	0	0	0	0	0	-0.7071067690849304	0.7071067690849304	0.0	0.37298861145973206	0.37298861145973206	-0.8495640158653259	-0.6007324457168579	-0.6007324457168579	-0.5274855494499207
-0.6071312427520752	1.2673959732055664	0.6071312427520752	0.38419124484062195	0.5435023307800293	1.0	4	0.0	0	0.0	0	-0.7071067690849304	0.7071067690849304	0.0	0.37298864126205444	0.37298861145973206	-0.8495640754699707	-0.6007325053215027	-0.6007325053215027	-0.5274855494499207
-0.37364792823791504	1.5008792877197266	0.37364792823791504	0.4358227849006653	0.5054102540016174	0	0	0	0	0	0	-0.7071067690849304	0.7071067690849304	0.0	0.37298861145973206	0.37298861145973206	-0.8495640158653259	-0.6007324457168579	-0.6007324457168579	-0.5274855494499207
0.37364792823791504	1.5008792877197266	-0.37364792823791504	0.402133584022522	0.29570043087005615	0	0	0	0	0	0	0.0	0.7071067690849304	-0.7071067690849304	-0.6458250284194946	0.5398657917976379	0.5398657917976379	0.7634854912757874	0.4566672444343567	0.4566672444343567
-0.6071312427520752	1.2673959732055664	-0.6071312427520752	0.49428248405456543	0.11723156273365021	0.9597626570478034	3	0.04023734295219659	0	0.0	0	0.0	0.7071067690849304	-0.7071067690849304	-0.6458250284194946	0.5398657917976379	0.5398657917976379	0.7634855508804321	0.4566672742366791	0.4566672742366791
-0.37364792823791504	1.5008792877197266	-0.37364792823791504	0.5105841159820557	0.18985939025878906	0	0	0	0	0	0	0.0	0.7071067690849304	-0.7071067690849304	-0.6458250284194946	0.5398657917976379	0.5398657917976379	0.7634854912757874	0.4566672444343567	0.4566672444343567
0.6071312427520752	1.2673969268798828	0.6071312427520752	0.33598417043685913	0.4034919738769531	1.0	1	0.0	0	0.0	0	0.0	0.0	-1.0	-0.9999852776527405	-0.005426815710961819	0.0	-0.005426815710961819	0.9999852776527405	0.0
-0.6071312427520752	1.2673959732055664	0.6071312427520752	0.38419124484062195	0.5435023307800293	1.0	4	0.0	0	0.0	0	0.0	0.0	-1.0	-0.9999995231628418	-0.0009900389704853296	0.0	-0.0009900389704853296	0.9999995231628418	0.0
-0.6071312427520752	1.2673969268798828	0.6071312427520752	0.38404330611228943	0.5436134934425354	1.0	4	0.0	0	0.0	0	0.0	0.0	-1.0	-0.9999995231628418	-0.0009900389704853296	0.0	-0.0009900389704853296	0.9999995231628418	0.0
-0.37364792823791504	1.500880241394043	0.37364792823791504	0.4359087347984314	0.5053117871284485	0	0	0	0	0	0	0.0	0.0	1.0	-0.9999991059303284	0.0013322299346327782	0.0	-0.0013322299346327782	-0.9999991059303284	0.0
0.37364792823791504	1.5008792877197266	0.37364792823791504	0.3826911151409149	0.40261757373809814	0	0	0	0	0	0	0.0	0.0	1.0	-0.9999885559082031	0.004781170282512903	0.0	-0.004781170282512903	-0.9999885559082031	0.0
0.37364792823791504	1.500880241394043	0.37364792823791504	0.3828088343143463	0.40259015560150146	0	0	0	0	0	0	0.0	0.0	1.0	-0.9999885559082031	0.004781170282512903	0.0	-0.004781170282512903	-0.9999885559082031	0.0
0.37364792823791504	1.500880241394043	-0.37364792823791504	0.4022594392299652	0.29577216506004333	0	0	0	0	0	0	0.0	0.0	-1.0	-0.9999982714653015	0.001882932148873806	0.0	0.001882932148873806	0.9999982714653015	0.0
-0.37364792823791504	1.5008792877197266	-0.37364792823791504	0.5105841159820557	0.18985939025878906	0	0	0	0	0	0	0.0	0.0	-1.0	-0.999999463558197	0.0010385174537077546	0.0	0.0010385174537077546	0.999999463558197	0.0
-0.37364792823791504	1.500880241394043	-0.37364792823791504	0.5107111930847168	0.189989373087883	0	0	0	0	0	0	0.0	0.0	-1.0	-0.999999463558197	0.0010385174537077546	0.0	0.0010385174537077546	0.999999463558197	0.0
0.6071312427520752	1.2673969268798828	-0.6071312427520752	0.36273130774497986	0.2708437740802765	1.0	2	0.0	0	0.0	0	-1.0	0.0	0.0	0.0	-0.0012103026965633035	-0.9999992251396179	0.0	-0.9999992251396179	0.0012103026965633035
0.6071312427520752	1.2673959732055664	0.6071312427520752	0.33614689111709595	0.4034717082977295	1.0	1	0.0	0	0.0	0	-1.0	0.0	0.0	0.0	-0.005138845182955265	0.9999867677688599	0.0	0.9999867677688599	0.005138845182955265
0.6071312427520752	1.2673969268798828	0.6071312427520752	0.33598417043685913	0.4034919738769531	1.0	1	0.0	0	0.0	0	-1.0	0.0	0.0	0.0	-0.005138845182955265	0.9999867677688599	0.0	0.9999867677688599	0.005138845182955265
0.37364792823791504	1.500880241394043	0.37364792823791504	0.3829772472381592	0.4025520980358124	1.0	1	0.0	0	0.0	0	0.0	1.0	0.0	-0.7364427447319031	0.0	-0.6764998435974121	-0.6764998435974121	0.0	0.7364427447319031
-0.37364792823791504	1.500880241394043	0.37364792823791504	0.4359087347984314	0.5053117871284485	0	0	0	0	0	0	0.0	1.0	0.0	1.0	0.0	0.0	0.0	0.0	-1.0
0.37364792823791504	1.500880241394043	0.37364792823791504	0.3828088343143463	0.40259015560150146	0	0	0	0	0	0	0.0	1.0	0.0	1.0	0.0	0.0	0.0	0.0	-1.0
0.37364792823791504	1.500880241394043	-0.37364792823791504	0.4024229943752289	0.2958534061908722	1.0	2	0.0	0	0.0	0	0.0	1.0	0.0	-0.7937116026878357	0.0	-0.6082942485809326	-0.6082942485809326	0.0	0.7937116026878357
0.37364792823791504	1.500880241394043	-0.37364792823791504	0.4022594392299652	0.29577216506004333	0	0	0	0	0	0	0.0	1.0	0.0	1.0	0.0	0.0	0.0	0.0	-1.0
-0.37364792823791504	1.500880241394043	0.37364792823791504	0.4360212981700897	0.5051968097686768	1.0	4	0.0	0	0.0	0	0.0	1.0	0.0	-0.48079913854599	0.0	-0.8768307566642761	-0.8768307566642761	0.0	0.48079913854599
-0.37364792823791504	1.500880241394043	-0.37364792823791504	0.6059481501579285	0.6006870269775391	0	0	0	0	0	0	0.0	1.0	0.0	1.0	0.0	0.0	0.0	0.0	-1.0
-0.37364792823791504	1.500880241394043	-0.37364792823791504	0.5108926892280579	0.19017525017261505	1.0	3	0.0	0	0.0	0	0.0	1.0	0.0	-0.8359277248382568	0.0	0.5488396883010864	0.5488396883010864	0.0	0.8359277248382568
-0.37364792823791504	1.500880241394043	-0.37364792823791504	0.5107111930847168	0.189989373087883	0	0	0	0	0	0	0.0	1.0	0.0	1.0	0.0	0.0	0.0	0.0	-1.0
-0.2039082944393158	1.500880241394043	0.2039082944393158	0.4699418246746063	0.4690980017185211	0.895490265011935	4	0.06416801301613516	1	0.04034172197192987	3	0.0	1.0	0.0	-0.5190414190292358	0.0	-0.8547491431236267	-0.8547491431236267	0.0	0.5190414190292358
0.2039082944393158	1.500880241394043	0.2039082944393158	0.4226152300834656	0.3968905210494995	0.894099522892714	1	0.053043656865352284	2	0.05285682024193376	4	0.0	1.0	0.0	-0.7787086963653564	0.0	-0.627385675907135	-0.627385675907135	0.0	0.7787086963653564
0.2039082944393158	1.500880241394043	0.2039082944393158	0.4226152300834656	0.3968905210494995	0.894099522892714	1	0.053043656865352284	2	0.05285682024193376	4	0.0	1.0	0.0	-0.8965495228767395	0.0	0.44294366240501404	0.44294366240501404	0.0	0.8965495228767395
0.37364792823791504	1.500880241394043	-0.37364792823791504	0.4024229943752289	0.2958534061908722	1.0	2	0.0	0	0.0	0	0.0	1.0	0.0	-0.8965494632720947	0.0	0.44294360280036926	0.44294360280036926	0.0	0.8965494632720947
0.2039082944393158	1.500880241394043	-0.2039082944393158	0.4314282238483429	0.31342896819114685	0.8911633379327604	2	0.06592379159851815	1	0.04291287046872146	3	0.0	1.0	0.0	-0.8965495228767395	0.0	0.44294366240501404	0.44294366240501404	0.0	0.8965495228767395
-0.2039082944393158	1.500880241394043	-0.2039082944393158	0.591570258140564	0.5004643201828003	0.8624363891703241	3	0.06880170183671437	4	0.06876190899296157	2	0.0	1.0	0.0	0.25669750571250916	0.0	-0.9664918780326843	-0.9664918780326843	0.0	-0.25669750571250916
-0.37364792823791504	1.500880241394043	0.37364792823791504	0.4360212981700897	0.5051968097686768	1.0	4	0.0	0	0.0	0	0.0	1.0	0.0	0.25669747591018677	0.0	-0.9664918184280396	-0.9664918184280396	0.0	-0.25669747591018677
-0.2039082944393158	1.500880241394043	0.2039082944393158	0.4699418246746063	0.4690980017185211	0.895490265011935	4	0.06416801301613516	1	0.04034172197192987	3	0.0	1.0	0.0	0.25669750571250916	0.0	-0.9664918780326843	-0.9664918780326843	0.0	-0.25669750571250916
0.2039082944393158	1.500880241394043	-0.2039082944393158	0.4314282238483429	0.31342896819114685	0.8911633379327604	2	0.06592379159851815	1	0.04291287046872146	3	0.0	1.0	0.0	-0.8605248332023621	0.0	0.5094086527824402	0.5094086527824402	0.0	0.8605248332023621
-0.2039082944393158	1.500880241394043	-0.2039082944393158	0.508716344833374	0.2520146369934082	0.8624363891703241	3	0.06880170183671437	4	0.06876190899296157	2	0.0	1.0	0.0	-0.8174583911895752	0.0	0.5759876370429993	0.5759876370429993	0.0	0.8174583911895752
-0.04931004345417023	1.5809102058410645	-0.04931004345417023	0.6271204948425293	0.1930994689464569	0.33896821206989475	2	0.3362832427406989	4	0.3247485451894064	3	0.0	1.0	0.0	-1.0750013643701095e-06	0.0	-1.0	-1.0	0.0	1.0750013643701095e-06
0.04931004345417023	1.5809102058410645	0.04931004345417023	0.6062568426132202	0.172235906124115	0.5972500153773604	1	0.20368438352162058	2	0.199065601101019	4	0.0	1.0	0.0	-1.0750013643701095e-06	0.0	-1.0	-1.0	0.0	1.0750013643701095e-06
0.04931004345417023	1.5809102058410645	-0.04931004345417023	0.6271204948425293	0.1722358614206314	0.6351030668369727	2	0.2384276942753806	1	0.12646923888764663	4	0.0	1.0	0.0	-2.1500025013665436e-06	0.0	-1.0	-1.0	0.0	2.1500025013665436e-06
0.2039082944393158	1.500880241394043	0.2039082944393158	0.4226152300834656	0.3968905210494995	0.894099522892714	1	0.053043656865352284	2	0.05285682024193376	4	0.0	0.8880645036697388	0.45971909165382385	-0.6940995454788208	0.3309420943260193	-0.6392989754676819	-0.7198790311813354	-0.3190907835960388	0.6164050698280334
-0.04931004345417023	1.5809102058410645	0.04931004345417023	0.5140506625175476	0.4120056629180908	0.6238008077946483	4	0.2445225261375313	1	0.1316766660678204	2	0.0	0.8880645036697388	0.45971909165382385	-0.6940996050834656	0.3309420943260193	-0.6392989754676819	-0.7198790311813354	-0.3190908133983612	0.6164051294326782
-0.2039082944393158	1.500880241394043	0.2039082944393158	0.4699418246746063	0.4690980017185211	0.895490265011935	4	0.06416801301613516	1	0.04034172197192987	3	0.0	0.8880645036697388	0.45971909165382385	-0.6940995454788208	0.3309420943260193	-0.6392989754676819	-0.7198790311813354	-0.3190907835960388	0.6164050698280334
-0.2039082944393158	1.500880241394043	-0.2039082944393158	0.508716344833374	0.2520146369934082	0.8624363891703241	3	0.06880170183671437	4	0.06876190899296157	2	0.0	0.8880645036697388	-0.45971909165382385	-0.9201246500015259	0.18003784120082855	0.3477889597415924	0.3916258215904236	0.4229988157749176	0.8171299695968628
0.04931004345417023	1.5809102058410645	-0.04931004345417023	0.484537810087204	0.35174182057380676	0.6351030668369727	2	0.2384276942753806	1	0.12646923888764663	4	0.0	0.8880645036697388	-0.45971909165382385	-0.9201245307922363	0.18003782629966736	0.34778892993927	0.3916258215904236	0.4229988157749176	0.817129909992218
0.2039082944393158	1.500880241394043	-0.2039082944393158	0.4314282238483429	0.31342896819114685	0.8911633379327604	2	0.06592379159851815	1	0.04291287046872146	3	0.0	0.8880645036697388	-0.45971909165382385	-0.9201245903968811	0.18003782629966736	0.34778892993927	0.3916257917881012	0.4229987859725952	0.817129909992218
0.2039082944393158	1.500880241394043	-0.2039082944393158	0.4314282238483429	0.31342896819114685	0.8911633379327604	2	0.06592379159851815	1	0.04291287046872146	3	0.45971909165382385	0.8880645036697388	0.0	-0.750549852848053	0.38853269815444946	-0.5345253348350525	-0.4746929109096527	0.24573147296905518	0.8451524376869202
0.04931004345417023	1.5809102058410645	0.04931004345417023	0.48833760619163513	0.38778406381607056	0.5972500153773604	1	0.20368438352162058	2	0.199065601101019	4	0.45971909165382385	0.8880645036697388	0.0	-0.750549852848053	0.38853269815444946	-0.5345253348350525	-0.4746929109096527	0.24573147296905518	0.8451524376869202
0.2039082944393158	1.500880241394043	0.2039082944393158	0.4226152300834656	0.3968905210494995	0.894099522892714	1	0.053043656865352284	2	0.05285682024193376	4	0.45971909165382385	0.8880645036697388	0.0	-0.750549852848053	0.38853269815444946	-0.5345252752304077	-0.4746929109096527	0.24573147296905518	0.8451525568962097
-0.6071312427520752	1.2673969268798828	0.6071312427520752	0.38404330611228943	0.5436134934425354	1.0	4	0.0	0	0.0	0	-1.0	0.0	0.0	0.0	0.9045199155807495	-0.42643123865127563	0.0	-0.42643123865127563	-0.9045199155807495
1.0	1.0	1.0	0.25317636132240295	0.39915797114372253	1.0	1	0.0	0	0.0	0	0.0	-0.731509268283844	0.6818314790725708	-0.3114372789859772	0.6479217410087585	0.6951289176940918	-0.9502667188644409	-0.21234774589538574	-0.22781924903392792
-1.0	1.0	1.0	0.27798667550086975	0.5871310830116272	1.0	4	0.0	0	0.0	0	0.0	-0.731509268283844	0.6818314790725708	-0.8554452061653137	0.3531160354614258	0.37884387373924255	-0.5178934335708618	-0.583269476890564	-0.6257660984992981
-0.4063824415206909	0.44669580459594727	0.4063824415206909	9.706875425763428e-05	0.6573198437690735	0.6956044777747693	0	0.1801386778049123	4	0.12425684442031834	3	0.0	-0.731509268283844	0.6818314790725708	-0.6568135023117065	0.5141370892524719	0.5515968203544617	-0.754052996635437	-0.44783610105514526	-0.4804651439189911
-1.0	1.0	1.0	0.27798667550086975	0.5871310830116272	1.0	4	0.0	0	0.0	0	-0.6818314790725708	-0.731509268283844	0.0	-0.5904058218002319	0.550310492515564	-0.5904060006141663	0.43188750743865967	-0.4025574326515198	-0.8071064352989197
-1.0	1.0	-1.0	0.49307015538215637	0.9999028444290161	0.9986770349654386	3	0.001322965034561378	0	0.0	0	-0.6818314790725708	-0.731509268283844	0.0	-0.5904058218002319	0.5503106117248535	-0.590406060218811	0.43188750743865967	-0.40255746245384216	-0.8071064949035645
-0.4063824415206909	0.44669580459594727	-0.4063824415206909	0.020444005727767944	0.9999029040336609	0.7594346439502127	3	0.23172532321228503	0	0.008840032837502362	4	-0.6818314790725708	-0.731509268283844	0.0	-0.5904058218002319	0.5503105521202087	-0.590406060218811	0.43188750743865967	-0.4025574326515198	-0.8071063756942749
0.4063824415206909	0.44669580459594727	0.4063824415206909	0.606256902217865	9.710840095067397e-05	0.7648244209584868	0	0.20103660381749136	1	0.03413897522402188	3	0.0	-1.0	0.0	-1.0	0.0	1.0662690641538575e-07	-1.0662690641538575e-07	0.0	-1.0
1.0	1.0	-1.0	0.29219570755958557	0.23719468712806702	0.993162380937393	2	0.006837619062607048	0	0.0	0	0.6818314790725708	-0.731509268283844	0.0	0.6134087443351746	0.5717512965202332	0.5448212623596191	-0.39854180812835693	-0.37147629261016846	0.8385522365570068
1.0	1.0	1.0	0.25317636132240295	0.39915797114372253	1.0	1	0.0	0	0.0	0	0.6818314790725708	-0.731509268283844	0.0	0.6134087443351746	0.5717512965202332	0.5448212623596191	-0.39854180812835693	-0.37147629261016846	0.8385522365570068
0.4063824415206909	0.44669580459594727	0.4063824415206909	0.047353606671094894	0.3937828540802002	0.7648244209584868	0	0.20103660381749136	1	0.03413897522402188	3	0.6818314790725708	-0.731509268283844	0.0	0.6134087443351746	0.5717513561248779	0.5448212623596191	-0.39854180812835693	-0.37147629261016846	0.8385522365570068
-1.0	1.0	-1.0	0.43737947940826416	9.709956066217273e-05	0.9986770349654386	3	0.001322965034561378	0	0.0	0	0.0	-0.731509268283844	-0.6818314790725708	0.023443398997187614	0.681644082069397	-0.7313082814216614	0.9997251629829407	-0.015984447672963142	0.0171490628272295
1.0	1.0	-1.0	0.29219570755958557	0.23719468712806702	0.993162380937393	2	0.006837619062607048	0	0.0	0	0.0	-0.731509268283844	-0.6818314790725708	0.3722366988658905	0.6328336596488953	-0.6789414286613464	0.9281378984451294	-0.25380271673202515	0.2722946107387543
0.4063824415206909	0.44669580459594727	-0.4063824415206909	0.14628009498119354	0.20540457963943481	0.6952672743111276	0	0.17947159625759482	2	0.12526112943127768	3	0.0	-0.731509268283844	-0.6818314790725708	0.19547955691814423	0.6686774492263794	-0.7173968553543091	0.9807078242301941	-0.13328410685062408	0.14299510419368744
0.6071312427520752	1.0	-0.6071312427520752	0.3294791877269745	0.2556368410587311	0.6022137015129797	2	0.39778629848702035	0	0.0	0	0.0	1.0	0.0	-0.6665987968444824	0.0	-0.7454167008399963	-0.7454167008399963	0.0	0.6665987968444824
0.6071312427520752	1.0	0.6071312427520752	0.307373583316803	0.40487441420555115	0.5223792505903114	1	0.4776207494096885	0	0.0	0	0.0	1.0	0.0	-0.6665987968444824	0.0	-0.7454167008399963	-0.7454167008399963	0.0	0.6665987968444824
1.0	1.0	1.0	0.2534717917442322	0.39916524291038513	0.6799122038890174	1	0.3200877961109826	0	0.0	0	0.0	1.0	0.0	-0.6665988564491272	0.0	-0.7454167008399963	-0.7454167008399963	0.0	0.6665988564491272
-0.6071312427520752	1.0	0.6071312427520752	0.35352399945259094	0.5632531046867371	0.5394783089602936	4	0.4605216910397064	0	0.0	0	0.0	1.0	0.0	0.40724945068359375	0.0	-0.9133170247077942	-0.9133170247077942	0.0	-0.40724945068359375
-0.6071312427520752	1.0	-0.6071312427520752	0.5426692962646484	0.7761756181716919	0.9738315890061872	0	0.026168410993812848	3	0.0	0	0.0	1.0	0.0	0.40724945068359375	0.0	-0.9133170247077942	-0.9133170247077942	0.0	-0.40724945068359375
-1.0	1.0	-1.0	0.49372297525405884	0.9995617866516113	0.7982360724056643	3	0.20176392759433573	0	0.0	0	0.0	1.0	0.0	0.40724945068359375	0.0	-0.9133170247077942	-0.9133170247077942	0.0	-0.40724945068359375
0.6071312427520752	1.2673969268798828	-0.6071312427520752	0.36273130774497986	0.2708437740802765	1.0	2	0.0	0	0.0	0	1.0	0.0	0.0	0.0	0.8870022892951965	-0.4617651700973511	0.0	0.4617651700973511	0.8870022892951965
-0.6071312427520752	1.2673969268798828	-0.6071312427520752	0.49409106373786926	0.11706824600696564	0.95976141005749	3	0.04023858994250997	0	0.0	0	0.0	0.0	-1.0	-0.675540566444397	0.7373228073120117	0.0	0.7373228073120117	0.675540566444397	0.0
-0.2039082944393158	1.500880241394043	0.2039082944393158	0.4699418246746063	0.4690980017185211	0.895490265011935	4	0.06416801301613516	1	0.04034172197192987	3	-0.45971909165382385	0.8880645036697388	0.0	-0.003435511142015457	-0.001778440666384995	-0.9999924898147583	-0.8880578279495239	-0.4597156345844269	0.0038685384206473827
-0.04931004345417023	1.5809102058410645	0.04931004345417023	0.5140506625175476	0.4120056629180908	0.6238008077946483	4	0.2445225261375313	1	0.1316766660678204	2	-0.45971909165382385	0.8880645036697388	0.0	-0.0034355109091848135	-0.0017784405499696732	-0.9999924898147583	-0.8880578279495239	-0.4597156345844269	0.003868538187816739
-0.04931004345417023	1.5809102058410645	-0.04931004345417023	0.5484373569488525	0.4118809700012207	0.33896821206989475	2	0.3362832427406989	4	0.3247485451894064	3	-0.45971909165382385	0.8880645036697388	0.0	-0.003435511142015457	-0.001778440666384995	-0.9999924898147583	-0.8880578279495239	-0.4597156345844269	0.0038685384206473827
-0.37364792823791504	1.5008792877197266	0.37364792823791504	0.4358227849006653	0.5054102540016174	0	0	0	0	0	0	0.0	0.7071067690849304	0.7071067690849304	-0.2813967764377594	0.678533673286438	-0.678533673286438	-0.9595915079116821	-0.19897755980491638	0.19897755980491638
-0.6071312427520752	1.2673959732055664	0.6071312427520752	0.38419124484062195	0.5435023307800293	1.0	4	0.0	0	0.0	0	0.0	0.7071067690849304	0.7071067690849304	-0.2813968062400818	0.678533673286438	-0.678533673286438	-0.9595915079116821	-0.19897758960723877	0.19897758960723877
0.6071312427520752	1.2673959732055664	0.6071312427520752	0.33614689111709595	0.4034717082977295	1.0	1	0.0	0	0.0	0	0.0	0.7071067690849304	0.7071067690849304	-0.2813968062400818	0.678533673286438	-0.678533673286438	-0.9595915079116821	-0.19897758960723877	0.19897758960723877
0.37364792823791504	1.5008792877197266	0.37364792823791504	0.3826911151409149	0.40261757373809814	0	0	0	0	0	0	1.0	0.0	0.0	0.0	0.004976356867700815	0.9999876022338867	0.0	-0.9999876022338867	0.004976356867700815
-0.37364792823791504	1.5008792877197266	-0.37364792823791504	0.6058683395385742	0.6008293628692627	0	0	0	0	0	0	-1.0	0.0	0.0	0.0	0.0008555164095014334	-0.9999997019767761	0.0	-0.9999997019767761	-0.0008555164095014334
-0.6071312427520752	1.2673959732055664	0.6071312427520752	0.38419124484062195	0.5435023307800293	1.0	4	0.0	0	0.0	0	1.0	0.0	0.0	0.0	-0.001335909590125084	-0.9999991655349731	0.0	0.9999991655349731	-0.001335909590125084
-0.6071312427520752	1.2673959732055664	-0.6071312427520752	0.49428248405456543	0.11723156273365021	0.9597626570478034	3	0.04023734295219659	0	0.0	0	0.0	0.0	1.0	-0.9999997615814209	-0.0007391381659545004	0.0	0.0007391381659545004	-0.9999997615814209	0.0
0.6071312427520752	1.2673969268798828	0.6071312427520752	0.33598417043685913	0.4034919738769531	1.0	1	0.0	0	0.0	0	0.0	0.0	1.0	-0.04475713521242142	0.9989979267120361	0.0	-0.9989979267120361	-0.04475713521242142	0.0
0.37364792823791504	1.5008792877197266	0.37364792823791504	0.3826911151409149	0.40261757373809814	0	0	0	0	0	0	0.7071067690849304	0.7071067690849304	0.0	-0.5837984681129456	0.5837984681129456	-0.5642329454421997	-0.3989729583263397	0.3989729583263397	0.8256157040596008
0.6071312427520752	1.2673959732055664	0.6071312427520752	0.33614689111709595	0.4034717082977295	1.0	1	0.0	0	0.0	0	0.7071067690849304	0.7071067690849304	0.0	-0.5837984085083008	0.5837984681129456	-0.5642328858375549	-0.3989729583263397	0.3989729583263397	0.8256157636642456
0.6071312427520752	1.2673959732055664	-0.6071312427520752	0.3628954291343689	0.2709297835826874	1.0	2	0.0	0	0.0	0	0.7071067690849304	0.7071067690849304	0.0	-0.5837985277175903	0.5837984681129456	-0.5642328858375549	-0.39897289872169495	0.39897289872169495	0.8256157636642456
-0.37364792823791504	1.5008792877197266	-0.37364792823791504	0.6058683395385742	0.6008293628692627	0	0	0	0	0	0	-0.7071067690849304	0.7071067690849304	0.0	0.33548906445503235	0.33548903465270996	-0.8802807331085205	-0.6224524974822998	-0.6224524974822998	-0.4744532108306885
-0.6071312427520752	1.2673959732055664	-0.6071312427520752	0.5862855911254883	0.73258376121521	0.9597626570478034	3	0.04023734295219659	0	0.0	0	-0.7071067690849304	0.7071067690849304	0.0	0.33548906445503235	0.33548906445503235	-0.8802806735038757	-0.6224524974822998	-0.6224524974822998	-0.4744532108306885
-0.6071312427520752	1.2673959732055664	0.6071312427520752	0.38419124484062195	0.5435023307800293	1.0	4	0.0	0	0.0	0	-0.7071067690849304	0.7071067690849304	0.0	0.33548906445503235	0.33548906445503235	-0.8802807331085205	-0.6224524974822998	-0.6224524974822998	-0.47445324063301086
0.37364792823791504	1.5008792877197266	-0.37364792823791504	0.402133584022522	0.29570043087005615	0	0	0	0	0	0	0.0	0.7071067690849304	-0.7071067690849304	-0.7925726175308228	0.43117794394493103	0.43117794394493103	0.6097776889801025	0.5604334473609924	0.5604334473609924
0.6071312427520752	1.2673959732055664	-0.6071312427520752	0.3628954291343689	0.2709297835826874	1.0	2	0.0	0	0.0	0	0.0	0.7071067690849304	-0.7071067690849304	-0.7925724983215332	0.43117785453796387	0.43117785453796387	0.6097776293754578	0.5604334473609924	0.5604334473609924
-0.6071312427520752	1.2673959732055664	-0.6071312427520752	0.49428248405456543	0.11723156273365021	0.9597626570478034	3	0.04023734295219659	0	0.0	0	0.0	0.7071067690849304	-0.7071067690849304	-0.7925724983215332	0.43117785453796387	0.43117785453796387	0.6097776293754578	0.5604334473609924	0.5604334473609924
0.6071312427520752	1.2673959732055664	0.6071312427520752	0.33614689111709595	0.4034717082977295	1.0	1	0.0	0	0.0	0	0.0	0.0	-1.0	-0.9999852776527405	-0.005426816176623106	0.0	-0.005426816176623106	0.9999852776527405	0.0
-0.37364792823791504	1.5008792877197266	0.37364792823791504	0.4358227849006653	0.5054102540016174	0	0	0	0	0	0	0.0	0.0	1.0	-0.9999991655349731	0.0013322300510481	0.0	-0.0013322300510481	-0.9999991655349731	0.0
0.37364792823791504	1.5008792877197266	-0.37364792823791504	0.402133584022522	0.29570043087005615	0	0	0	0	0	0	0.0	0.0	-1.0	-0.9999982714653015	0.0018829322652891278	0.0	0.0018829322652891278	0.9999982714653015	0.0
0.6071312427520752	1.2673959732055664	-0.6071312427520752	0.3628954291343689	0.2709297835826874	1.0	2	0.0	0	0.0	0	-1.0	0.0	0.0	0.0	-0.0012103028129786253	-0.9999993443489075	0.0	-0.9999993443489075	0.0012103028129786253
-0.37364792823791504	1.500880241394043	-0.37364792823791504	0.6060625910758972	0.6004828214645386	1.0	3	0.0	0	0.0	0	0.0	1.0	0.0	0.26618409156799316	0.0	-0.9639222025871277	-0.9639222025871277	0.0	-0.26618409156799316
-0.2039082944393158	1.500880241394043	-0.2039082944393158	0.591570258140564	0.5004643201828003	0.8624363891703241	3	0.06880170183671437	4	0.06876190899296157	2	0.0	1.0	0.0	0.26618409156799316	0.0	-0.9639222621917725	-0.9639222621917725	0.0	-0.26618409156799316
-0.37364792823791504	1.500880241394043	0.37364792823791504	0.4360212981700897	0.5051968097686768	1.0	4	0.0	0	0.0	0	0.0	1.0	0.0	0.26618409156799316	0.0	-0.9639222025871277	-0.9639222025871277	0.0	-0.26618409156799316
0.37364792823791504	1.500880241394043	-0.37364792823791504	0.4024229943752289	0.2958534061908722	1.0	2	0.0	0	0.0	0	0.0	1.0	0.0	-0.8660448789596558	0.0	0.4999663829803467	0.4999663829803467	0.0	0.8660448789596558
-0.04931004345417023	1.5809102058410645	0.04931004345417023	0.606256902217865	0.1930994689464569	0.6238008077946483	4	0.2445225261375313	1	0.1316766660678204	2	0.0	1.0	0.0	0.0	0.0	-1.0	-1.0	0.0	0.0
